1/10/2021,3,16,21,28,39,49,35,4
